-0.21957972536178397
0.6466870573830209
0.30856606470332226
1.0293762273665308
-0.11035543242221739
-0.7963827307996829
-0.5898702852471805
0.5398603791113358
-0.18638558140311234
0.04600931859972976
-0.6217862336342289
0.06507456886737686
-0.2917699911890548
-0.23935978432139288
0.4507452999664932
-0.24537846871706614
-0.3085534186177504
-0.12079168223314843
0.08583824100485332
0.7605280455968266
-0.48464993477996277
0.924630698720982
0.05577688989125701
-0.41410039599093806
0.16294164504707281
-0.6495447270118383
-0.4524802347311198
0.9336766654073114
0.25604762146603216
0.468251668869459
-0.1842187322837179
0.7828113844441087
-0.3157045406992995
-0.48015382392437217
-0.3443877868598102
-0.2504662959702087
0.06729227088606723
0.5851448927758252
1.0146460245310291
0.034546002569225825
-0.20135725348841055
-0.2527352970954771
-0.36450125962107033
-0.24857414729997468
0.4399884543454609
0.435227533368846
1.0009674803322737
0.005431808855441533
0.19573671645316593
-0.3746630234895716
-0.2442930754176798
1.2299457450409426
-0.5192120846739716
-0.26843921799140696
0.3208879338555486
1.4921015933355148
-1.1618935664304706
0.19825022337977455
-0.07283446596007676
0.007313664548794521
-0.4466429976587801
-0.26505608371382505
1.0276672549163945
0.6221243168230708
0.29861185478836205
-0.3887362139825481
-0.16014379638967038
-0.11179559433172215
-0.014706504954116087
-0.06374875862167886
0.8325124151156094
-0.18206741233634882
-0.31777471464056434
-0.23237272863903527
0.2941534687632673
-0.19836719467764818
-1.9931778648668574E-4
0.2616838866312766
0.5315336711815748
0.21794176359632056
-1.2986537903726894
-0.30342670412158534
-0.05237913802562878
0.7652483475706388
-0.20815689761792466
-0.3945007752700208
0.6974526618899592
-0.07034491745144468
-0.17675323651502506
-0.9726712456126169
-0.14701869822959232
0.14086053055378359
-0.842198681237286
0.015889915078051063
0.34383344774521285
0.020126289110826034
-0.08801649682364157
-0.18343903461510058
0.38659293060476685
-0.19285151435471418
0.08179723042077686
-0.1797540111963109
0.09993950843316995
0.10272888073341611
-0.14801609877493246
0.07376811494398738
-0.8121605812953226
0.5530511925864459
0.2691733339246849
0.6447303342659704
-0.6273373962263972
-0.2528323417078725
0.2625847669773647
-0.2871105185395276
0.42076464322754215
-0.6136746276622965
0.2984762794138846
0.7321860925174621
0.36829791427540076
-0.4919132886455406
-0.4745104488490678
0.27493716021299214
-0.8487993328792165
0.8599209155587426
0.0918368130527292
0.7778691414407379
-1.1854560347116234
-0.3350421082489964
0.775032217510265
0.8281049805403551
0.5726725778516548
-0.4545237002103602
1.1417970370003483
-0.10837999026307744
-0.8177286884218073
0.34570072568082066
0.008900038066280973
-0.0027520339788358883
0.445719255537235
0.773375121999262
-0.13381738303770307
0.2800549700041381
0.18598995986648595
-0.5204070837134881
-0.5396324329899637
0.018506124437181637
-0.4251699340300976
-0.06883182231639876
0.32511943386494263
0.8017143810836774
-0.3283880211211343
-0.30295803716504466
-0.27920238181850726
0.8309959394680455
0.6653793011627227
-0.42867322221899257
-0.5048489479234247
-0.322890015535078
-0.4648633658152813
0.7092987891172132
0.7117104205302929
-0.134215150276845
-0.22489455094107005
-0.8123980858696003
0.10020745856812066
0.2655162366056889
0.8491237918259504
0.1951814374389659
0.08937910386928491
-0.43211580809188166
-0.641540226824767
0.45329779172810114
-0.026671874207529978
0.7539956764340794
-0.5015742814082227
-0.0634791458289497
0.08845141741988369
0.08362831441680381
-0.9040721527095745
-0.19323688863222857
0.021804402770733256
0.1747140503221932
-0.0967351343949395
-0.8711317565342551
0.6838533700783508
-0.06244141327190208
-0.10780024073768152
0.5168170071549493
0.38673348643462124
-0.6101582265783421
-0.16851452660444258
0.28448982660343625
0.043467782771455035
0.012371551068258976
0.040500942664581326
-0.3011800786117576
0.0027912389636405577
-1.064313207613484
-0.41537192846931725
0.7042143679077225
0.5368703049714463
0.36433305641092767
0.3814491028499739
0.9285868080860425
-0.09697400211634488
0.3440450595511825
0.37843581390354675
0.8054094696107668
1.362142546381251
0.5828278618325073
0.15336535730109285
-0.4316616344244052
-0.3706934762513451
0.04308219896403567
0.6370880953699357
1.6442697621943363
1.0752126513597728
0.10913971393406872
0.6703012728044786
-1.2970172852985813
-0.09871107618432678
-0.6966756140456627
1.2096781221733324
-0.14501255925277237
-0.45338344594105007
-0.6149002736065781
-0.5414746136398594
0.9886718871398845
1.1204147488866785
-0.49843629361003156
-0.6812650202825864
0.36743844517076996
0.07512694573528042
-0.16623898478600702
-0.04360292540618867
0.3853316304138618
-0.222283577162974
0.49309103213249295
0.13248685086211576
0.24051796719445362
0.27690344794257715
-0.1719648107923261
-0.5508878755134019
0.777315270220007
0.669599047719069
-0.589804659961228
-0.21720930833767166
0.9786777493417057
0.6102187949156167
-0.05846355204631508
0.32650784969661556
-0.169541918960727
-0.21276653144232552
-0.7116041774961213
-0.15112154906432718
0.31861309294471246
-0.6846363178615678
-0.2332136134133804
-0.36239971541518295
-0.2606843244725446
-0.08910377407884579
-0.14198812493434432
-0.4145975987775885
-0.19424531799250347
0.03022406788653058
-0.02943633738277343
0.49938872908441134
0.338022037364673
0.19653960879028443
-0.02124852773606506
0.2836513741902684
-0.6365115588352894
-0.10103631384585392
0.11555647279876297
-0.3734399403862738
-0.3591421666777972
-0.51624423550074
0.030912984295383833
-0.43949592826678585
0.1116201423441984
0.17331645944297674
0.2033185567923197
0.56143024976716
0.08565044629677132
-0.2345111221390467
0.13975063064772647
0.6961370676634367
0.5564998633039215
-0.2110918083532397
0.3340674792016105
0.08489907012908436
0.31139651030449206
0.17598464850444812
-0.28903979250189343
-1.1100558845751956
0.11590370849223725
0.18580015762597618
-0.2749518674135555
-0.5953935253490203
0.8424302415035929
-0.46274441868619454
0.08227666536981826
1.0514196395226376
0.430582866450852
-0.9076612812541157
0.2998603325431567
-0.46404291839904455
-0.0651312011318404
0.6119787660852043
0.6735897099411432
-0.17089643602263377
-0.42857417000357323
-0.31261865921962956
-0.3083134364825861
0.29315155872587173
1.1305211656443364
-0.3982876770470152
-0.23672031640050012
0.21636111887488768
-0.513052279803003
0.18175046504021747
-0.2567838730674703
0.08759528488306664
-1.2037122819158146
0.4838117618531633
-0.13247183523259087
0.702463469883028
0.34026357002395546
0.47056431147194416
-0.11350177970401024
0.08845166889658454
-0.23085058645209444
-0.8883165941976052
-0.08269612745790558
0.579909824981296
0.3638508953965718
-0.16251894723161833
-0.1602759817240959
-0.19719002329231938
-0.7634686844972457
-0.5398155356633617
-0.23595675347780895
0.06086671588282405
-0.20552056554978074
0.39435676450661084
0.021270618140602597
0.10982095580032844
0.1710252926913613
0.11183733665175816
0.21393077264421417
0.4853066429766098
-0.3781733077635051
0.39120803934745196
-0.12322048721710974
-0.6799563465461875
-0.2340676523158408
-0.03184176926648403
-0.49667761253258813
0.37765603508605944
-0.3781505284132144
0.39922983910117893
0.10463552994902775
-0.33304751310477215
0.03383217326505389
-0.5128926668265958
0.1931733330144629
-1.5449853986350115
-0.13588087392640502
-0.044492139895210545
-0.8027059381763576
-0.3001764089664516
-0.1177841677586484
-0.28607348285539497
0.21588312210153182
-0.7210236277468355
-0.05943338451942226
-0.2629775102039986
-0.4829005537858216
-0.8228051443276068
0.67751014983942
0.811020162803534
1.301388309616977
0.9801124114453278
0.8707149678603658
-0.046151246340435326
0.12049162328358434
-0.5886939709984446
-0.5535403222986328
0.1854239480687403
0.26733672889207954
0.2829788525510053
0.22721213968532405
-0.5111588636786771
-0.21550449369071278
-0.3996726777461962
0.5886119533307782
-0.11685270468096269
-0.484758665485451
0.575214116232895
0.6871176654362926
-0.2582930147194023
0.02295989076150878
-0.4246134375330343
0.37877985783997425
0.37183577996271244
0.9324976646295492
-0.3170510251375433
0.5268363266199446
-0.6694809266538637
0.6598814488516167
-0.07051229308618086
0.21443049410100665
-0.3451544520307135
-0.4396490797691028
-1.0830630856858021
0.39443227378193657
-0.40623862188016213
0.6774570308993167
0.13526302863759193
-0.7148521572238471
0.3347764080238615
-0.007445555313400298
-0.2676847139407116
0.1597489672276965
-0.3010634229980445
-0.1635817737106291
0.6272682210638586
0.5892826557197097
-0.223287370431834
0.1837530048002796
-0.3600505844726351
0.18567995024181977
-0.904966265413767
-1.118305658792896
-0.8231779236024289
-0.5400253051144185
0.13831639323953293
-0.15148932660714273
0.3251461855633695
0.1930234786916349
0.3226699097735573
-0.12977662488281466
-0.15545829416450035
-0.08557678562752896
-0.32841183948695124
0.21024008986931197
0.891635166340083
-0.38428447186787684
1.0098891882501657
-0.18901817056208292
0.7093253225550484
-0.004445225581309196
-0.5512544720383722
-0.659165182280367
-0.678608388497691
-0.6615804731702408
0.015359730280003314
0.27515515269556906
0.5632190675652267
0.017728095535550575
-0.09437092867277556
0.9014833534821245
-0.3980154306225679
-0.17573484341689416
-0.3497431628123198
-0.041942700699903634
-0.8028328046532167
0.5505272973455171
0.4588170051094495
0.04849759079148429
0.18326967417548592
0.10795086609604214
0.29087409676537446
-0.2253186510978851
-0.07368982237255095
-0.7931605920984214
-0.011897342548247349
0.7366717591337466
0.4283400408845558
0.7239532483990105
0.13209229561321897
0.03342468433913809
-0.7595788428331112
0.42245247309797723
0.6303203660030289
-0.003107916148171533
0.3173952536444137
0.2802394104520599
-0.6299414240149478
0.3694578318234291
-0.12936004288960767
0.4352600165527917
0.079818191517778
0.307796642216152
0.43542820545125793
-0.40314097832092394
-1.048476347951241
0.6025300109002383
0.5217032896565992
0.06347242956638127
0.932121242626514
0.4330887808721919
0.02080708551654145
-0.1617982234884519
0.031811198118662294
-0.06293482729691889
-0.2919665798641654
-0.8859745711863344
0.3700777790572837
-0.8507638514491149
0.14682943046624966
0.6996076889117032
-0.8447545185549166
0.002237061849883329
0.5495936593624826
0.40557059568165854
0.4130401111454426
-0.009949086552812833
-0.5769593522761328
0.37761392122701765
0.3214540739905382
-0.2856275471111115
0.10666124940853686
0.19849635329539114
-0.2925818929117575
1.203866329133411
0.28877523359488144
-0.43425767116967356
-0.2489451120756317
-0.3894832176271076
0.3127540628085102
0.06727001582866507
0.04136055547827721
-0.2706491081502765
0.22324547468728415
-0.6259970993743114
-0.911630429605334
0.12748627806187302
0.07926067846325355
-0.32547385814297536
0.08597063725116737
0.39034318296601467
0.8937170655465261
-0.1933850110494323
0.8588868271609472
0.23462992288531206
0.30579512815664556
-0.10568775119054463
0.9314789113047005
0.6508015632441944
-0.8552935097200325
0.1800045834504836
0.5161408076704515
0.4982189153434611
0.5090769868377607
-0.5576718721838039
-0.6671370809661569
0.27851193566719545
0.4058087344830516
-0.021976938000192597
0.02013593220376919
-0.013332076097279655
-1.017886732919358
0.7403141233693261
0.05358205396635542
-0.17489243300069818
-0.7034086485865665
-0.11756214130648557
0.02444275584582903
0.05127089252596195
-1.137229065427849
-0.18508181983641905
-1.2764444764073584
1.0794056172594098
0.05929873788594259
0.3153372268711753
0.04167503347922308
-0.2645301239794703
-0.38173584267737015
-0.2085296354197146
-0.18936827096074946
-0.46348051737657725
-0.8503783799918024
-0.7340335141006242
-0.13977994260438775
-0.8467783231426373
0.250435564910227
-0.10017812580271047
-0.6836505671712763
-0.7129312195581375
-0.09282836002192185
0.49205389637496255
-0.12709072652699166
1.43019833678793
-0.10827589547756984
-0.33449516253261646
-0.25789487860936705
0.1162455828729414
-0.12383516624214624
0.5094015191436425
-0.3047420123971492
0.21222016187080228
-0.2206605007280336
0.16391491318246193
0.8589548830546455
-1.0404679474224396
-0.2744028393167243
-0.4199690719125174
0.28352238014281445
0.03888507157086894
-0.4873312474270315
0.23699418481218076
0.24759769350089128
-0.009588872057581965
0.12933657395042772
-0.18354683354831752
-0.674876442320419
-0.1198343219209004
0.2776551714084798
0.5178496815304083
0.18434511785040686
0.04272095472157139
1.2161451404588042
0.668470987419765
2.0516179049774457
0.430179463029789
0.20057819360712303
0.24049295106936913
0.13938428710254455
0.764852330460504
-1.4543829481221808
0.04396674129163461
0.21055799355840368
0.3577284161154975
-0.4130320176450793
0.4419050996396236
0.8537089547148591
-0.40297026231805444
0.12914723982628054
-0.069807570582968
0.35245113166106745
-0.028333674053576563
-1.399203831322032
1.4205199459128546
-0.14856786507112268
0.18969549199777724
-0.14104053531663754
-1.1413092925523416
-0.20240253052135193
0.30818155263829716
-0.35601648969014965
1.366795939486326
0.7052208044033492
-0.012619928671296736
-0.030126744576438783
-0.2741191472555331
0.23594237651634212
0.8958588890035397
0.6305012148424683
-0.29222888770498184
0.5843433497374693
-0.046521247698090906
0.16609705741343544
0.9834675207234158
-0.674199731186516
0.6325753122437551
0.24633126937944735
-0.45110372115125913
0.05850293150663786
0.9637359394020104
-0.05060932285428793
-0.6442327594289257
-0.6913846092925209
0.43599147649279735
-0.2551961101912017
-0.18975229654466094
0.2562370531803956
0.5996284301230116
-0.036195241308075166
0.232386204314365
0.7081395527624106
-0.19456250098568556
-0.13758175949910162
0.010468851270177378
-0.10206089798856416
0.21946313936284642
-0.39363905395583004
0.6214824032178916
0.5758547422863365
0.6068129901265521
0.8065014570586599
-0.6355709434228388
-0.16242222096968867
0.15993559518828787
0.5679156138960302
-0.7034768711757011
0.10878654208444083
0.005750710116793997
0.29183626477993396
-0.7296667509448649
-0.49277711572379873
0.40788632711763473
-0.04182992815612904
1.0006640112912892
-0.08206021384380024
-0.19740383517731375
-0.1565439582834487
0.23973923213565518
-0.1180439885184788
-0.7853497078899615
-0.6235499999421539
0.4320892476868915
-0.5793940196999302
-0.8791200643870237
2.427654665520146
-1.283077671405528
-1.5722657606267962
0.07383550660908439
1.1670519957051382
0.35636150691562557
0.18991463967644148
0.41233984113523997
-0.43120666198446705
-0.20442509511629725
-0.46093916616568903
-2.260393903329632
-1.080746451897857
-2.341719902188249
-0.49773623518468657
0.31947421484799676
-0.08735458374829538
-0.32730375768027514
0.6678728231395654
-0.5183428882478727
-0.3492290680027822
0.05420564468981161
-0.11240431470642061
-0.16177009466819015
0.37121642906203217
-0.32078327717915095
0.4084204893137095
-0.21851399098206697
-0.1884722097045563
0.06307209707299394
0.5838992708218752
-1.0491006069913875
0.4136028248044918
0.9537575562359342
-0.967177274048
-0.5591756447749865
0.5278701090966994
0.17871456844949418
-0.08369125724026227
-0.620391831659679
0.11682004822218761
0.419698281227859
0.3699086128643725
-0.036531459524049764
-0.40827704725264685
0.053802022267421576
-0.04663539138054096
0.49162122137031605
-0.12180904670637663
-0.5240946514991371
-0.26554999882516955
-0.30925330256127326
-0.9295714533422338
0.4608037643174997
-0.10040537909952646
-0.2683726665240559
-0.10531526252158355
-0.5701178364159887
0.4497894972748298
0.5738636328403847
-0.5456991935951244
0.862292965113855
-0.5376754977456893
-0.4004003201569163
1.422775683883823
-1.17059684353312
-0.485793145232012
-0.8486047478349757
-0.5787163052350529
0.28379460090171493
-0.4647068882020467
0.26504557942931495
0.6758842712371012
0.030803464201446792
-0.7418198546572943
-0.23939277737036507
0.46964849335109576
-0.08063173687860367
-0.045598443890823764
-0.7576885969112137
-0.5324064551230203
-0.7996704125583237
0.9555801371898242
-0.19746707205858238
-0.037327937992139404
-0.9224547211113308
-0.5046431463608445
0.051219089861581454
-0.4205096527717013
0.042893283078705664
0.04075063684449261
0.4327409272008115
0.030465934060582144
0.04699343221141468
0.08250407869541683
-0.18378414235144555
-0.03713418560258899
0.6324529077262445
-0.06701143690255879
0.43970343601647144
-0.6557584784752857
0.07112678923728129
0.42875050798300146
-0.00874813061770674
0.11389455140295378
-0.09254121196290632
-0.6641802824535709
-0.2169723014709642
-0.11246208857162418
-0.20857709447172312
-0.2419114032513283
-0.15002566882406726
-0.123105445952023
-0.22513640543908695
-0.4985462043282413
0.3551395656575915
-0.6189731127712382
-0.4847505783015742
0.15440422811414184
-0.3106605154877427
-0.2135910097402583
-0.46128745871350135
-0.4421449682144039
0.0886779966209312
0.08061357144623876
-0.405781066714955
0.5415109670443295
0.3355103879437402
0.11150299304747122
0.38568776367056407
0.43532111462227574
-0.18496175141220328
0.24630189184766257
0.22817341014793102
0.10601664647597589
0.6008692792530909
-0.5199781702592796
-0.12699757753042254
0.4274462788359925
0.10243741049595004
-0.2402540078019716
-0.03031358098519832
0.5370291438593136
0.4459908365023471
0.060640739852335854
-0.11922033587143055
0.10515771758338596
-0.2708288635328907
-0.2516747527552501
0.16559994645901527
0.22259616882375988
-0.559825364589521
-0.25661565560146327
0.3959725750462157
0.8956296371286677
0.05288414306299827
-0.15443570991538758
-0.3743935940508236
-0.34558100949081544
0.49656919797287197
0.0808761220316678
-0.49472234371142493
0.24478566424405213
0.049602096477539326
-0.30418527995485634
0.3250790662589361
-0.3341776454271215
-0.22098429823734944
-0.041568664261794425
0.2188050773675468
-0.04211732008112392
-0.2977050527927235
-0.2929255509658405
-0.4132574151544211
0.3203199969890545
0.178773288166563
0.010355002786683498
0.33425958807107486
-0.13658085630804365
0.02571633339454532
-0.13496916519431093
-0.2626283086174334
0.24671696510584007
-0.2786613486119057
0.12060632069643687
-0.1572661348981273
0.32552308183381945
0.44658741390697176
-0.2761179527938904
-0.2203764241315439
0.21672802779672326
-0.07708941114777088
-0.16145911421113587
-0.15553047908115808
0.09531500694198644
0.15443964304436808
-0.04495425738417394
-0.24905275256020346
-0.9166798340460464
-0.20377823909174142
-0.3659209233311072
0.42080761652311066
0.11418325441531757
0.6221415810637371
0.05271743224966563
0.671754024607829
-0.5005279499582461
-0.11604317620263593
0.4925861682997963
-0.1953897847787345
0.03533734713150852
-0.24972618641642266
0.29972256920253865
0.02074707449392124
-0.2708577281812897
-0.3755397806312097
-0.052649447203515824
-0.26972151313158815
0.45338876638665615
-0.08400106160907045
0.34827377044691593
-0.2628052377097547
-0.19477221783392856
-1.0167228324567597
0.13800737532973284
0.06696368247486031
-0.11818207686490073
0.06588449538225355
0.31029882447564316
0.09029486175869633
0.568258217222827
-0.9263231777581086
-0.5060541340064871
0.6465762988192693
0.37251263456335376
0.20520419939279258
-0.5967844026858863
0.2790982674991479
0.46730886727580767
0.5956181016918105
0.3221759530228892
0.4852987073176429
0.8638142748394454
-0.05420102029870549
0.17640326370160148
-0.12347501955261705
0.021923636052007534
0.10847692766198716
0.028880887953462026
0.4207183348297148
-0.48284752765404304
0.23406819933689427
-0.5422760942983547
-0.07585017832511835
0.2823026993015393
0.6632916361240435
-0.31285958935474123
-0.4181648072211669
-0.6288522350704661
0.4712460045075202
0.3390248401578435
-0.3148662671652642
0.0377763125482177
0.9867085941382475
0.027143752438748378
-0.45928197053530495
-0.28703336457576506
-0.3237012186062288
0.15820035405721689
-0.5862864994841189
-2.938684891156916E-4
0.04484259429114611
0.084635160205932
0.16345323637579123
0.16623479853964812
-0.220047802825935
-0.06256665979746827
-0.005181001534669133
-0.36938845243176255
0.0020338494020277487
0.40910957574388424
0.4517695993826788
0.30414158297216043
0.7946509259070298
-0.42343418254436727
-0.3488516915974793
-0.3704438429957244
0.20291318814656828
0.17781261188852304
-0.7107532047789495
-0.18251761566834412
-0.1179651573675013
0.04753607761409753
0.19941335366821125
-0.4582600032439724
-0.2052175495541127
-0.48528395446215733
-0.17415854609563466
-0.25819394865658
0.30713852325448054
-0.6516062568943655
-0.4467237509977651
0.03381851140051793
0.810312068084971
-0.18062298299839707
0.004380388347441644
-0.2209372491342077
0.13505973912972905
0.06139822760536409
0.5719898257687548
-0.16607031511364534
-0.2231657812705221
-0.1870002387045696
-0.17500748453592618
-0.3277850931602936
0.04240473360737057
-0.08147843249060488
-0.004865752375477178
0.46153640893685816
0.2521723983249972
0.14683743233594598
-0.15447487198876333
-0.19116128384111752
-0.005632388153973877
-0.16403689067394278
0.5529665890533814
-0.01023455916063111
0.9775029449940117
-0.005414047868426345
0.3988489842713923
-0.13699286544673764
0.2198179738718373
-0.2977600613880462
0.2514146992886153
0.47030918772572317
0.433085238144834
-0.021642341656190077
0.1302861256988574
-0.10493166559921793
0.7848177468498365
0.32298302356164893
0.11519510365260333
-0.048506354383119704
0.39884089558472735
0.1988092811805479
0.31116690038264855
-0.09185723703188045
-0.2345671094910256
0.05682303456210765
0.053896390860230625
-0.09439957906328288
-0.04736173780924577
0.10374827008003003
-0.3222325365231636
-0.37082284755234973
-0.011743947374919544
0.1020657792388058
0.23994665686321875
-0.04784852671543237
-0.034242637448458346
0.6215897100973822
-0.06714786032361124
0.12844614126948514
-0.6128089719466383
0.244970558349778
0.6986775123160538
-0.4240752009194504
0.7006446835338341
0.4235219169926093
0.7480527397876946
-0.28997786129933734
-0.001663498219059395
0.23969876862903633
-0.08542978310521258
0.28812810756114926
-0.6035234065024574
0.1915063702159588
-0.05855460643152015
0.04971874402991444
-0.06401237390837276
-0.09775974522871954
-0.3028174937620682
0.19703772445867015
0.0826247274617333
-0.10150014251198222
-0.38152013465514995
-0.0051053236206109465
-0.10211388576790355
-0.10522225857132558
0.49344251204306255
-0.2698282316604099
-0.2536464605033169
0.1434708535540419
0.03322777282193912
0.17657443231354952
0.0648910555334951
-0.19543366071989365
0.16044429884985376
-0.28952084288703894
0.32150972862086746
0.36198945299966473
0.015108386085792874
-0.06355925287589423
-0.3703193019194566
-0.06430142275245536
0.2678069410944208
0.19974186768875976
-0.3951291565642099
0.4132493026777399
-0.1237003338307658
0.2849873196964552
0.6556977904031871
-0.2938866318629248
-0.1705579502063211
-0.16304809061593195
0.1936210332490761
0.2049561044885046
0.08047703953370386
-0.13249761014854566
-0.6715480165084877
0.10150031235078076
-0.7064632323167856
-0.11743948906728499
-0.018970717517390476
0.2481221731754599
-0.417132568542284
0.27859885493451564
0.13204011548072433
-0.026855941372987465
0.13483156962862322
-0.19929598180907965
-0.1654922686096651
-0.15352070199821094
-0.21899141428114666
0.11245438011186788
0.2979901860922309
-0.17669750278217447
0.17680975701270757
0.10260789418285843
0.37092387637240226
0.008906878150164332
0.10645554306758989
0.14667680156286897
0.4029885781664889
-0.1928150614749654
0.4006505855176368
-0.09314145840422544
-0.17459262973638778
0.12370543286358315
0.024930498582315885
-0.13861601765810216
0.1526373643533971
-0.12207309346064246
0.13176796366546667
-0.1071335912786867
-0.3931241169912272
-0.0384686972167905
-0.4650644135724971
-0.2417071886447763
1.2112347217872776
0.05416622296526622
-0.007975821389892161
-0.19887358325512908
-0.22306860190711375
0.6002239771486498
0.5513596276035083
-0.14065462970023151
-0.15585136033040634
-0.4612044249102354
0.1538303346677364
-0.005855947410936868
-0.07481905111100313
-0.055769738929264
0.37549603001255916
-0.46433593008922247
-0.002428470573685497
-0.15847717036831227
0.09225042975171091
0.1575879527707839
0.7694193004069563
0.07419100314703717
-0.5580289201458261
-0.07851825055817052
-0.24170872128780244
-0.015655984839490267
-0.44961098012845313
0.3699084799630338
0.6358739384644726
-0.03479618863113937
-0.2474890188830288
0.34011516718575435
-0.20606208094786352
0.06645403823511994
0.13622980771724086
-0.05925818697959931
0.24314077167677958
0.21931444191138683
-0.026377036811084817
0.2875434950688963
0.17552489315356237
0.3608252636090189
0.5855289037465525
0.18371833343202318
-0.40613801660812554
-0.1221968268300139
0.13379706718027426
-0.09951872680708135
-0.04612197454366218
-0.028765573778413718
0.20011057684760383
-0.12573457568713506
0.5838737885044892
-0.4625507938653512
0.5609146505887602
-0.04169348182511293
0.6583770000875722
0.12032792472571724
0.2446037153585062
-0.0402226697512493
0.02256584931164221
-0.48356142354692805
-0.1652046251740231
0.7460642714703529
-0.3115352987325653
-0.16993575700056737
0.035085256124872746
-0.022136152628588146
-0.06383051053278492
-0.23147167960536144
0.6592340205948866
-0.08046841682553045
0.12825878839239263
0.30664117608266805
-0.09522734020138568
0.2960186367480131
0.07194014484824969
0.06768734545922195
-0.1934243576522521
-0.12323922842570428
0.02079368233644877
-0.007383203841395347
0.18931205376987698
-0.10352823800263415
-0.38526415403892844
0.35021292180742186
0.33355473666270624
0.34133012817803005
-0.07095995162381714
0.05042088452784904
-0.28622914682455586
-0.18911030450061497
-0.13538007987861259
-0.36293081157954604
-0.12313770966524684
-0.06275331579723277
-0.2678249714145203
-0.1576664904714817
-0.6187658415319313
-0.3208925325453583
0.42535595301631834
0.47355026323469673
-0.09364837474130049
-0.12692435102877947
-0.4037782144976133
-0.07232009537889214
0.1554038761182993
-0.21097369996457865
0.11544636383194518
-0.21568190331681358
0.20455476833377104
0.2035641314708357
0.041971135826172054
0.19074126814221606
0.2261779250238521
-0.1171162114633489
0.06960409010331517
0.7570929023139881
0.03177142501192355
-0.033397019302874004
-0.23653108533692982
-0.06853389597369837
0.20479332182254043
0.010990259379152434
0.04703462635356254
0.04982054376604192
0.4758817989154969
-0.3533814690201026
0.19227314386726052
-0.046706079269705006
0.27520419862276746
-0.0512696349292653
0.33012066733058665
-0.39234143285412837
0.23871817889884367
-0.1268923998198923
0.03672678882549944
-0.10148488928585277
0.27358318921914115
-0.3994093564921295
-0.3554400179822908
-0.5551567321966733
-0.16312380911030178
0.18772956083244693
-0.011835214119970211
-0.26264268141058983
0.1822126427384318
-0.12718609060775612
0.22908674098414383
0.17947055029120232
0.03827490762577332
0.5103624307224531
-0.18340018469913996
-0.157667700461585
0.46240334244793335
0.24761847035834283
0.08858193280949295
0.48768521673199283
1.0487692919048472
-0.05047849181169001
-0.12110906228070396
-0.06526651874013054
0.0429149845940256
-0.5773647032740213
-0.36262498805294835
-0.12005901724980052
-0.11592031563031169
0.2878734722013271
-0.3096215167184152
-0.14587226637188477
-0.035998293269366516
0.06588447986356266
0.18137572336009455
-0.26307912426556607
2.348163495273459
-1.1534710136470712
1.0685207513536006
2.0979117702847643
0.533059021758983
-0.3164252247062187
0.4310950764037203
0.7128025931921367
0.9589576498373029
0.6295190843863178
-0.4633728572092651
-0.518041607518198
0.8063633837617229
-1.4213427457470504
0.7657410266999624
-0.9933508619895373
0.6019976560349297
-0.09196045992627355
-0.2631770737855972
0.12282207292670921
-0.04518487419204631
-0.23285732093635902
-0.3982735621617735
0.5295850791652014
-0.2536502625387487
0.04670762374647574
0.10880260156963396
-0.19857312195866353
0.22725984694094067
-0.4643091136197021
-0.015135501357071313
-0.2365792002444121
0.18915902707733742
4.8226701045431253E-4
-0.0037894030067964005
0.4891077528627291
0.19612008313305657
-0.16084904984064477
0.5222244832854865
-0.12783955061789504
0.1256495807721492
-0.2351387306442666
0.46002317484390737
0.2857258646924444
0.19318480354889822
-0.10119454390713402
-0.9074324527507782
0.05665488224510288
0.6046354171753708
0.33907447845216726
-0.11486275339471556
0.18871694733070787
-0.25385063086333504
-0.44548901350271314
0.2992806406119533
-0.30267087504739176
0.46391029635902475
-0.31106451756279174
-0.28363122464633483
0.5533795962455653
0.08938228519631897
0.0436906850986343
-0.15081169960772256
0.30790033360942937
0.35954555836381463
0.9518158777087624
-0.0747839331382788
0.2088535441077748
0.48932596699835756
-0.09322087625387321
-0.8001634672448665
-0.2500920245948337
-0.37770176962291635
0.14277730392337373
-0.5680117783441823
0.6910647906319369
0.2787086007391366
-0.039802838198259125
0.00722320586136653
-0.04779532669774528
0.21833065021481918
0.19978851697076622
0.23052691781431187
-0.2620428844706113
0.12341906460877516
0.30016380965872097
0.20766643119692174
-0.11999561313163926
-0.07467747433967564
0.44978033788037125
-0.0980976441420128
0.15270733945087253
-0.17948474995108102
0.8416550501436424
0.3968564259682987
0.3991738542005254
0.04450036306517502
-0.3595408333903401
0.27083625653569826
-0.5094693511940172
0.23037767594890607
2.481525721952095
