-0.5600490607470534
0.24936121136498823
0.8370209361214851
0.07669038494314037
0.4362220444872479
-0.19034099846274355
-0.4998072711963536
0.31228422757068114
0.41961385837716214
0.03466414749760334
0.12030362651353832
-0.49736834193432344
0.0961610654365576
-0.2028587730352372
-0.11179657440868437
-0.15604798781338902
-1.177584156936311
0.383418319899408
-0.05135602227359992
-0.2966042601638321
0.060564845863725514
-0.5624624671830011
0.09937926177722164
-0.211852243404893
0.3221452320872959
-0.09493770877001421
0.422838209579258
0.3516067678093284
0.3550758411935514
0.09510037103071955
-0.6563808739754773
-0.014703443701181915
0.2445187261941108
-0.46337682136628194
0.5711457369921156
-0.5788960344613043
0.8038654630327193
0.35836212941810114
-0.268102612652513
-0.1583860822601813
0.25255673051831834
0.028908668901592216
-0.4958421407034264
-0.13065611768669105
0.0971662514560376
-0.7345026928108322
-0.019189565615413656
0.42964794026738307
-0.4554156255731953
0.07646384205350129
0.6255070317361372
-0.7442144113279909
0.13546148041528128
-0.09352939842954516
0.1471445501104287
-0.2349965432517337
0.16861457889085613
0.5557675497789033
0.5329909593843992
-0.08356704036479559
0.12319924605652971
-0.8491869112629218
0.6173533522291111
-0.6448091438533549
0.024567141139564375
-0.4324198228058921
0.7869879232488461
-0.8531827874315581
-0.3033871149694886
0.11349929433588762
0.6835274215910271
0.2652224453038606
-0.9002413744950424
0.9023468597669583
0.07135661196733312
0.06695352733991236
0.08261995219780754
0.4923489997288082
0.5590905804494026
-0.8910117003416284
0.5620909358711919
-0.4293410559335686
-0.047484765304679405
-0.03393648225891083
-0.08825079406786607
0.41696961941589655
0.03942983215747409
-0.10799822756021918
0.45183810668284935
-0.8171370069059272
0.35873033187184167
0.6105546970111302
-0.3661064131156381
-0.28949912330230415
0.1332824188871497
0.1684642052282512
0.019942043685099775
-1.1330359350053325
-0.46379514275378464
-0.668935460619525
0.022199936316356472
-0.22738896316938378
0.46960540048989563
0.379281218686312
0.06617909960662396
0.12471732073625375
0.0686042383418354
0.582383446303595
-0.17066741130646074
0.04262294429805913
0.13665986849791428
-0.0042374854554716075
-0.27258560129976617
-0.18037190980518103
-0.37694353557531235
-0.2679335941762552
0.23510576916821702
0.27726547840603666
0.16503570296724873
-0.16349935279266917
0.6416949847938128
-0.11871110876176272
0.6012293466186487
0.7172370668207476
0.21690526066934496
-0.8821963840300313
-0.24463885331115773
-0.6393592711597808
0.2011209261142981
-0.2695792696690442
0.36104855853451434
0.3324396207721144
0.4437603366715834
-0.6005368144322427
-0.43775165902520075
0.19491622058571326
-0.6014512602420432
-0.856367380042231
-0.5038186844961832
-0.6364963064217762
-0.030604432025024723
0.07864860471541871
-1.3154410922314044
-0.07956695193105676
1.0950158432228811
0.9721888382256797
-0.3846138386290696
-0.1763568763358677
-0.8546897145042988
0.4611824970251364
0.2415067032998663
-0.05711831698657449
-1.6714024139336585
-0.4322577017199842
0.04401845876866714
-0.4103829651246391
0.25268214307584996
0.05280800891063889
0.07787105436751196
0.14243727660037583
0.19391405005254767
0.024292582196219072
-0.3973112902810708
1.1468690473029928
0.09787909206406063
0.345069050657127
0.6704154725594529
0.40107287998308777
0.1105354840128881
0.16317233288200148
0.3243253854905704
-0.37669483406681536
-0.20214743520212644
0.4919811321455606
-0.37377266479238097
-1.3105859662482975
-0.04229962704260853
0.45252771498523
0.15227884021904262
0.29664813523810424
-0.07987416203741927
-0.15628439082392462
-1.091408552882394
-1.2510005726596032
-0.587264135270253
-0.5038583543432213
0.7663233388638808
0.16961580065388882
-0.5158889235079116
0.4177542089212999
-0.4505317031838162
0.3367951821457501
1.442092045545308
0.21749698680055163
0.45679973156307796
-0.5256382381854583
0.220635163481652
0.23565969775275097
0.14941607215630073
0.42811425222430893
0.8538568461085455
0.31113237537155064
0.9308631708674129
-0.02874271889584678
0.1437577421633845
-0.3287932484828908
-0.37137398778524167
0.2579861726433401
-0.3859499650577428
0.08025311596397398
-0.4712548153418171
-0.039587690571697254
0.40849028100508333
-0.5377685562230564
0.3204238722972088
0.18051422817891105
-0.4263672099427772
0.03600784659114087
0.3545381701080388
-0.9205887686023516
-0.01838239880965649
-0.1012391977550314
0.28503365308566514
-0.6466038493882144
0.07057383377578758
0.41483503928335574
0.6234885481773684
-0.14068504443830931
-0.030920580446272827
-0.06496407487148839
0.2715198277317844
-0.5567836595158328
-0.7473561967436253
-0.5571225781821437
0.34420575073486065
0.30754078083628344
0.16313966743456526
0.36106448045558637
-0.5324609409572431
-0.09156060460647295
0.18263152317346867
0.39342416354823145
-0.3234134747124244
0.8113566897303343
0.7028750582424398
-0.10841894550779901
1.1025246157286839E-4
0.19868525102006412
-0.09775862522357795
-0.5179311099497501
-0.1589802149330798
0.18835936539590667
-0.6094686906854277
0.029542509405581084
0.3607666059314808
0.39245344342477484
-0.8961532821210467
0.04445752380585197
0.7467656947819108
0.3050061372158924
-0.6997717085641978
-0.11239314616740385
0.0021278580950101975
-0.20959025897312952
0.010439053641078111
0.43217143999258223
-0.27678028736105087
0.10525134773180962
0.684615739832596
-0.2194950993755409
-0.4227190627906668
0.35893384649546906
0.029430068024353412
0.32979074101799016
0.8607611529935507
-0.42638322114080174
-0.07478367801294088
-0.8390910554795671
0.03281478504713927
-0.568316833491106
-0.48133801135660226
0.17710787268855926
0.03188008528506425
0.5961478540383094
-0.002691860855626782
-0.5306407192482248
-0.024814841906089
-0.5421737357648205
-0.2703753359016362
0.3255135178920008
-0.4946761682557396
-0.1541172059571813
0.23806867305628343
0.599230195384033
0.18640980113133396
0.30749101893983344
-0.15189467985244945
0.22311536717045027
-0.2722700646151148
-0.2580828638205427
0.3990472887061476
-0.09957179165394099
-0.8320702315310976
0.4023298312178783
-0.024395692266748092
-0.370414191391201
-0.4400786074400056
0.2842777359069667
-0.3074388129807299
-0.4728343612995259
-1.0265012839769372
-0.021116954348763844
-0.7164107968421849
0.1920126770606517
0.3332835864372866
0.04969862530830331
0.012972414797540572
0.33309469609001896
-0.2607819547720693
0.25535285227005555
-0.8947053173135976
-0.07695306421373786
0.5613512163175186
0.44693967305323234
-0.014741414809235603
-0.9606223891591936
-0.8604437516955784
0.3372420297665744
-0.8759845434891727
0.044342134397300774
-0.6314624788530855
0.0673682568409821
-0.6305326951524678
-0.7932719897836502
0.34344860345234474
-0.3507601628015979
0.46927585759586554
-0.49162567655015016
0.09152460355217756
0.6812255368887918
-0.5272667537150915
-0.7695388514850912
-0.3956545701056616
-0.19527286077108255
0.01622969426488885
-0.339371213222207
0.12360596869422098
0.13971524096021362
0.5685125267044597
0.14446012431357513
-0.8590956459977527
0.4644757067920613
-1.2717984074361415
0.15078430066323664
-0.6115922102210031
-0.7469299739257353
0.5665699365446096
0.1718612513418704
-0.1866749455920104
0.5624628946048469
-0.16188239994731374
0.5158342209180529
0.8545831211775353
-0.6173892624858204
-0.09081305334169336
0.5561847868784754
-0.24876971615616583
-0.2348127385687227
0.031259143436098744
-0.23533949315110259
0.1668707699018667
-0.08863436467834807
-0.0548580117421068
0.17233562132909264
-0.1844590705962022
0.07657243067536137
-0.08682155852499626
-0.299614840877771
0.336560666524503
-0.21456688722114511
-1.280282396934469
0.2707867843450588
-0.7175919273419321
-0.5961093730794293
0.9163790345131443
0.41172327865764274
0.11026066180499217
-0.531458033970487
0.18118676814439955
-0.12849546085933253
0.14866290683054087
0.45593141344116844
0.4183288621377221
-0.010444361351360364
0.2097054756781257
0.37167932738068926
0.024474925450688287
0.07471889208038086
0.37321551143334325
-0.10928399376960153
-0.010080821910642565
-0.6515626070385152
-0.12650450910765157
-0.210714478280369
-0.374403588506549
-0.6084448682819499
-0.1203844848556805
-0.2515943873603771
0.05795584881412662
0.449113884341053
-0.24690067235320584
0.20562538148670143
-0.4775520330684645
0.039541403423689295
-0.13862080714765937
0.10293625679498591
0.015389730046589915
-0.6263022231673214
0.15011174904246666
-1.0009697617189228
0.24764806656663182
-0.46767314412648914
0.006503578902873675
0.129956509771858
-0.05044441269226371
0.05802768684773309
-0.07259356479387946
-0.9445805648860093
-0.7231489454097942
-0.7747756067446557
-0.07172159483483764
-0.0023077108772016075
0.275317556766769
-0.09599582017217867
0.005618572261835195
-0.16915237322203241
-0.35419733177982504
-0.8971533991791025
-0.09197750857770284
-0.9422611996554177
0.07361676338866506
0.06745680797562448
0.6409486419361734
0.1442567258190327
-0.2034042557179913
-0.03854841440552917
-0.6867157131178313
0.08823145413031555
0.28293400949935377
0.45395676183570016
0.29080923231025413
-0.0478833365691936
0.34421618239793045
-1.1876242924862443
-0.030756698187760695
-0.09837866445501958
-0.6485006094059539
0.2293874069144324
-0.07715358075855543
0.5249817215494024
-0.4324192769985214
-0.5191528035702707
0.8221231261519926
0.18021540317780643
-0.6931931020228286
0.12011764565505034
-0.20647830006976114
-0.15578354138052408
-0.2559169021240917
0.05115408401235276
0.4453103164861985
0.41457347321025767
-0.005026966588832116
0.3978397767579823
0.08762468086737964
0.7393457204662953
-0.5226564716095881
0.35897240903251665
-0.827622529617944
0.3435584088093694
-0.41271829752101186
-0.025921679001425516
1.0526573519948825
-0.019235556501911485
-0.3337185435395095
-0.9607790322108869
-0.11187393925135479
0.19867479997903337
0.2318496922261195
-1.0964130909553942
0.18197869219300927
-0.021857561379696175
0.6141795088423512
0.16033468933239456
0.3720031073751755
-1.5475580749499505
0.7071872513871131
0.33214170728682263
-0.4457877220477159
0.3370909393452304
0.8121771746757089
0.24772356674331036
0.4374305915438312
-0.4205913721755886
-0.8985601277853166
-0.0016290021798871096
-0.9103806821902664
-0.37767946132138663
-0.014731294836990934
-0.6542181292414355
-0.47315294857902346
-1.2776991001921396
0.19102173535182565
0.7929340757887973
0.313376787697366
-0.553685149163221
-0.06476924308185054
0.5575042555118562
0.5137202052751139
-0.6280844505319558
-0.31180937449965873
0.4235448945075582
1.4573385752861523
0.0772022604378343
0.5221683232265164
0.07732729532637359
-0.3597789672788759
0.2634354821076177
-0.25574488430634124
0.12647157752530547
-0.43274073260296037
0.009981249734324932
-1.3417468910680808
0.3079616858893105
0.46864415148658994
-0.28194274381513484
-0.11271662397524886
-0.22297267779233457
-0.35658229341724407
-0.21483096274835983
0.05351405239251647
0.2697630564946769
-0.5130498455335407
-0.527666571733781
-0.6115569368735497
-0.16693358356301335
-0.3870700232118073
-0.09641809961885961
0.07240549863691897
0.24045439582977746
0.5234569745657699
0.07848721893463906
0.07137230086455727
-1.2321221277785182
-0.14464309656771981
-0.5875432157212781
0.2585495901209621
-0.3000655394208477
-0.28221690736901706
0.24600835249785322
0.0956565148970036
-0.5544172156700521
-0.30156173763598493
0.5689342850755619
0.20945746777545418
0.8138518574629696
-0.011655438305377103
-0.014424079568607126
0.09883207967950762
-0.18108692039138954
0.16993889469218343
-0.21301180240438952
-0.14137297322700532
0.28085972892026717
-0.4536730025162816
-0.16452216826376181
-0.27743001757898467
0.23080504040906652
-0.13122240794337606
-0.16143207728014236
-0.5568724631962179
0.1697868815120087
0.13498472597473532
-0.2780898940118344
-7.608211417100552E-4
-0.33633452526112767
0.12673947515089223
-0.7324598277202189
0.34246242300353835
0.03643747421367907
0.28621523503949264
0.2209337638098403
-0.8593219306117562
0.47581249999098685
0.31920347106554436
0.15027687076540397
0.07054658935684438
0.3338968686964572
-0.14162779031327144
0.45623532083494156
-0.21880388654546307
-0.18929420898741856
-0.03574055525739117
0.245491584434992
-0.013044997143838208
0.14211011024304498
-0.35653621660070794
-0.0244864894209445
0.4367223411487673
0.4020885840455187
0.2696617655439039
0.14125711420498152
-0.11518305062539033
-0.002139743816226336
-0.06703255656391419
-1.2106905125662837
0.6081901926508665
-0.47380570721730075
-0.4089078233592841
-0.30391581973117143
-0.711114973622814
-0.3156966322616091
0.6652324293815411
-0.023313699127242793
0.17236161474160694
0.3833640952603097
-0.7684986768191148
-0.03519635902938548
0.24808252545148574
0.059026852593119045
-0.17036520166130342
-0.3733767160459569
0.9881859378780518
-0.1010824239412983
-0.054917032697943416
0.05521750945935368
-0.01760379753374431
0.010095848094353252
-0.08393228488944574
-0.5972933504989232
0.28836062243623883
-0.18598613649006163
0.3515016387847338
-0.6800098315407417
0.3678325991582538
0.27485492260722794
0.20657742923526645
0.10183738670826151
0.13027323127016865
-0.09925309800646936
0.7631729707033549
-0.33579083982138114
0.08052844819837188
-0.5536713190484731
0.10372139862346962
0.5576323458851
0.7164965970078867
-0.11697938115735973
0.5625504315694347
-0.2794252143077433
-0.46194336392909946
-0.1331192060985482
-0.4328788162063161
-0.5276500599285464
-0.42648988715757796
-0.18686446849517177
0.8153492423846191
1.1082527083568185
-0.19358701671740713
0.14042298208276252
0.09171326708359279
0.13238147750453133
-0.189710641777094
-0.6971597458497637
-0.4531001487565681
0.16277572336337062
-0.593304043101375
0.4522822932470256
0.17843069598312877
-0.32627811247194505
0.6318796413114134
0.004134792406886023
0.05025492494197902
0.46143387373949735
-0.03748752310702081
0.358562243005884
0.03800953501330276
0.21133131634339475
0.4782040921609978
-0.8215482607481968
0.9364676710624084
-0.21464156127184697
0.19739590872227933
-0.5379576779266334
-0.007525816193786488
-0.35301835683335264
0.16952938639838516
-0.10832038503541197
-0.1841266789651736
-0.2871022648230674
-0.11873429599726686
0.13977287762889018
0.5328778631416295
-0.2407299335038936
-0.38433132098115186
0.13325369680267854
0.8974775016384449
-0.5782868944699039
0.07271188606865749
0.4948950959283938
-0.7704507026278827
-0.4639039165902471
-1.756888837259622
1.0775472189519917
-1.3971569022608827
-0.417230006965969
0.24004476028787144
1.9141339853075037
0.0022219671371470143
1.1273717781869887
-1.9142522860773723
-0.5663130587798414
0.6566926551671431
1.5284087200563734
0.6681255334170825
0.6813650143731489
0.08744280624300396
-0.6415697446082097
1.2304166304243385
-0.8303689069505386
-0.08542253985448253
-0.5138384069708295
0.026015658841008066
0.28605676686730735
0.36683990949239054
-0.7687948407580893
0.1533632554966059
1.0505438088852583
0.13893939165720465
-0.2818608779315922
0.48241421402082646
-0.5914490839227275
-0.5938599736301868
-0.5242375157321675
-0.2959127112291228
-0.32405732154046507
0.15083112330327372
0.5838687182742734
-0.2917244705262124
-0.07379110827583987
-1.0433490767638052
0.9581401815930735
-0.15562045604760744
-0.11879609686093531
-6.40530445809126E-4
-0.14545119782828936
0.314943009854234
0.6841622639874999
-0.4696225721172954
-0.9342802762007287
-0.4110067617559061
-0.20163668980387495
0.9341968431415199
0.5598763464165812
-0.45863109421332027
-0.2873557642898583
0.3187196788180786
0.2401155604257661
-0.31277690355938725
-0.091005427319472
0.3109980578292228
0.3406920003446506
0.5145771341221036
0.22956615358622717
-0.05313734901936215
-0.5970902270593055
-0.4286294915696949
0.47815826180894905
0.642722452327094
-0.36497202846421106
-0.03207322026560111
-0.028379526603824645
0.42844030843815895
-0.1274768829396557
0.26559122267465
-0.4911164268039181
-0.6989810781415285
0.12079390268404047
0.019872925122583734
0.43040523753750226
-0.40451165065741645
0.365284495792301
0.5705604109194193
-0.0872576457862704
-0.05951736739917646
-0.35576788771673595
0.04724640782936662
-0.44469821841442503
-0.5719417231908395
-0.1431462872459675
0.3694329673938931
-0.6309481660246131
-0.46781496991439653
0.22573472588345128
-0.6740000904335773
0.09067791725879254
0.061639622177094976
-0.5151995381266636
-0.20374311380390042
-0.012930736501019668
-0.24170836871152335
0.1610332495583014
1.0168969976768025
0.24803849355412605
0.16028304198568236
