0.07112678923728129
0.42875050798300146
-0.00874813061770674
0.11389455140295378
-0.09254121196290632
-0.6641802824535709
-0.2169723014709642
-0.11246208857162418
-0.20857709447172312
-0.2419114032513283
-0.15002566882406726
-0.123105445952023
-0.22513640543908695
-0.4985462043282413
0.3551395656575915
-0.6189731127712382
-0.4847505783015742
0.15440422811414184
-0.3106605154877427
-0.2135910097402583
-0.46128745871350135
-0.4421449682144039
0.0886779966209312
0.08061357144623876
-0.405781066714955
0.5415109670443295
0.3355103879437402
0.11150299304747122
0.38568776367056407
0.43532111462227574
-0.18496175141220328
0.24630189184766257
0.22817341014793102
0.10601664647597589
0.6008692792530909
-0.5199781702592796
-0.12699757753042254
0.4274462788359925
0.10243741049595004
-0.2402540078019716
-0.03031358098519832
0.5370291438593136
0.4459908365023471
0.060640739852335854
-0.11922033587143055
0.10515771758338596
-0.2708288635328907
-0.2516747527552501
0.16559994645901527
0.22259616882375988
-0.559825364589521
-0.25661565560146327
0.3959725750462157
0.8956296371286677
0.05288414306299827
-0.15443570991538758
-0.3743935940508236
-0.34558100949081544
0.49656919797287197
0.0808761220316678
-0.49472234371142493
0.24478566424405213
0.049602096477539326
-0.30418527995485634
0.3250790662589361
-0.3341776454271215
-0.22098429823734944
-0.041568664261794425
0.2188050773675468
-0.04211732008112392
-0.2977050527927235
-0.2929255509658405
-0.4132574151544211
0.3203199969890545
0.178773288166563
0.010355002786683498
0.33425958807107486
-0.13658085630804365
0.02571633339454532
-0.13496916519431093
-0.2626283086174334
0.24671696510584007
-0.2786613486119057
0.12060632069643687
-0.1572661348981273
0.32552308183381945
0.44658741390697176
-0.2761179527938904
-0.2203764241315439
0.21672802779672326
-0.07708941114777088
-0.16145911421113587
-0.15553047908115808
0.09531500694198644
0.15443964304436808
-0.04495425738417394
-0.24905275256020346
-0.9166798340460464
-0.20377823909174142
-0.3659209233311072
0.42080761652311066
0.11418325441531757
0.6221415810637371
0.05271743224966563
0.671754024607829
-0.5005279499582461
-0.11604317620263593
0.4925861682997963
-0.1953897847787345
0.03533734713150852
-0.24972618641642266
0.29972256920253865
0.02074707449392124
-0.2708577281812897
-0.3755397806312097
-0.052649447203515824
-0.26972151313158815
0.45338876638665615
-0.08400106160907045
0.34827377044691593
-0.2628052377097547
-0.19477221783392856
-1.0167228324567597
0.13800737532973284
0.06696368247486031
-0.11818207686490073
0.06588449538225355
0.31029882447564316
0.09029486175869633
0.568258217222827
-0.9263231777581086
-0.5060541340064871
0.6465762988192693
0.37251263456335376
0.20520419939279258
-0.5967844026858863
0.2790982674991479
0.46730886727580767
0.5956181016918105
0.3221759530228892
0.4852987073176429
0.8638142748394454
-0.05420102029870549
0.17640326370160148
-0.12347501955261705
0.021923636052007534
0.10847692766198716
0.028880887953462026
0.4207183348297148
-0.48284752765404304
0.23406819933689427
-0.5422760942983547
-0.07585017832511835
0.2823026993015393
0.6632916361240435
-0.31285958935474123
-0.4181648072211669
-0.6288522350704661
0.4712460045075202
0.3390248401578435
-0.3148662671652642
0.0377763125482177
0.9867085941382475
0.027143752438748378
-0.45928197053530495
-0.28703336457576506
-0.3237012186062288
0.15820035405721689
-0.5862864994841189
-2.938684891156916E-4
0.04484259429114611
0.084635160205932
0.16345323637579123
0.16623479853964812
-0.220047802825935
-0.06256665979746827
-0.005181001534669133
-0.36938845243176255
0.0020338494020277487
0.40910957574388424
0.4517695993826788
0.30414158297216043
0.7946509259070298
-0.42343418254436727
-0.3488516915974793
-0.3704438429957244
0.20291318814656828
0.17781261188852304
-0.7107532047789495
-0.18251761566834412
-0.1179651573675013
0.04753607761409753
0.19941335366821125
-0.4582600032439724
-0.2052175495541127
-0.48528395446215733
-0.17415854609563466
-0.25819394865658
0.30713852325448054
-0.6516062568943655
-0.4467237509977651
0.03381851140051793
0.810312068084971
-0.18062298299839707
0.004380388347441644
-0.2209372491342077
0.13505973912972905
0.06139822760536409
0.5719898257687548
-0.16607031511364534
-0.2231657812705221
-0.1870002387045696
-0.17500748453592618
-0.3277850931602936
0.04240473360737057
-0.08147843249060488
-0.004865752375477178
0.46153640893685816
0.2521723983249972
0.14683743233594598
-0.15447487198876333
-0.19116128384111752
-0.005632388153973877
-0.16403689067394278
0.5529665890533814
-0.01023455916063111
0.9775029449940117
-0.005414047868426345
0.3988489842713923
-0.13699286544673764
0.2198179738718373
-0.2977600613880462
0.2514146992886153
0.47030918772572317
0.433085238144834
-0.021642341656190077
0.1302861256988574
-0.10493166559921793
0.7848177468498365
0.32298302356164893
0.11519510365260333
-0.048506354383119704
0.39884089558472735
0.1988092811805479
0.31116690038264855
-0.09185723703188045
-0.2345671094910256
0.05682303456210765
0.053896390860230625
-0.09439957906328288
-0.04736173780924577
0.10374827008003003
-0.3222325365231636
-0.37082284755234973
-0.011743947374919544
0.1020657792388058
0.23994665686321875
-0.04784852671543237
-0.034242637448458346
0.6215897100973822
-0.06714786032361124
0.12844614126948514
-0.6128089719466383
0.244970558349778
0.6986775123160538
-0.4240752009194504
0.7006446835338341
0.4235219169926093
0.7480527397876946
-0.28997786129933734
-0.001663498219059395
0.23969876862903633
-0.08542978310521258
0.28812810756114926
-0.6035234065024574
0.1915063702159588
-0.05855460643152015
0.04971874402991444
-0.06401237390837276
-0.09775974522871954
-0.3028174937620682
0.19703772445867015
0.0826247274617333
-0.10150014251198222
-0.38152013465514995
-0.0051053236206109465
-0.10211388576790355
-0.10522225857132558
0.49344251204306255
-0.2698282316604099
-0.2536464605033169
0.1434708535540419
0.03322777282193912
0.17657443231354952
0.0648910555334951
-0.19543366071989365
0.16044429884985376
-0.28952084288703894
0.32150972862086746
0.36198945299966473
0.015108386085792874
-0.06355925287589423
-0.3703193019194566
-0.06430142275245536
0.2678069410944208
0.19974186768875976
-0.3951291565642099
0.4132493026777399
-0.1237003338307658
0.2849873196964552
0.6556977904031871
-0.2938866318629248
-0.1705579502063211
-0.16304809061593195
0.1936210332490761
0.2049561044885046
0.08047703953370386
-0.13249761014854566
-0.6715480165084877
0.10150031235078076
-0.7064632323167856
-0.11743948906728499
-0.018970717517390476
0.2481221731754599
-0.417132568542284
0.27859885493451564
0.13204011548072433
-0.026855941372987465
0.13483156962862322
-0.19929598180907965
-0.1654922686096651
-0.15352070199821094
-0.21899141428114666
0.11245438011186788
0.2979901860922309
-0.17669750278217447
0.17680975701270757
0.10260789418285843
0.37092387637240226
0.008906878150164332
0.10645554306758989
0.14667680156286897
0.4029885781664889
-0.1928150614749654
0.4006505855176368
-0.09314145840422544
-0.17459262973638778
0.12370543286358315
0.024930498582315885
-0.13861601765810216
0.1526373643533971
-0.12207309346064246
0.13176796366546667
-0.1071335912786867
-0.3931241169912272
-0.0384686972167905
-0.4650644135724971
-0.2417071886447763
1.2112347217872776
0.05416622296526622
-0.007975821389892161
-0.19887358325512908
-0.22306860190711375
0.6002239771486498
0.5513596276035083
-0.14065462970023151
-0.15585136033040634
-0.4612044249102354
0.1538303346677364
-0.005855947410936868
-0.07481905111100313
-0.055769738929264
0.37549603001255916
-0.46433593008922247
-0.002428470573685497
-0.15847717036831227
0.09225042975171091
0.1575879527707839
0.7694193004069563
0.07419100314703717
-0.5580289201458261
-0.07851825055817052
-0.24170872128780244
-0.015655984839490267
-0.44961098012845313
0.3699084799630338
0.6358739384644726
-0.03479618863113937
-0.2474890188830288
0.34011516718575435
-0.20606208094786352
0.06645403823511994
0.13622980771724086
-0.05925818697959931
0.24314077167677958
0.21931444191138683
-0.026377036811084817
0.2875434950688963
0.17552489315356237
0.3608252636090189
0.5855289037465525
0.18371833343202318
-0.40613801660812554
-0.1221968268300139
0.13379706718027426
-0.09951872680708135
-0.04612197454366218
-0.028765573778413718
0.20011057684760383
-0.12573457568713506
0.5838737885044892
-0.4625507938653512
0.5609146505887602
-0.04169348182511293
0.6583770000875722
0.12032792472571724
0.2446037153585062
-0.0402226697512493
0.02256584931164221
-0.48356142354692805
-0.1652046251740231
0.7460642714703529
-0.3115352987325653
-0.16993575700056737
0.035085256124872746
-0.022136152628588146
-0.06383051053278492
-0.23147167960536144
0.6592340205948866
-0.08046841682553045
0.12825878839239263
0.30664117608266805
-0.09522734020138568
0.2960186367480131
0.07194014484824969
0.06768734545922195
-0.1934243576522521
-0.12323922842570428
0.02079368233644877
-0.007383203841395347
0.18931205376987698
-0.10352823800263415
-0.38526415403892844
0.35021292180742186
0.33355473666270624
0.34133012817803005
-0.07095995162381714
0.05042088452784904
-0.28622914682455586
-0.18911030450061497
-0.13538007987861259
-0.36293081157954604
-0.12313770966524684
-0.06275331579723277
-0.2678249714145203
-0.1576664904714817
-0.6187658415319313
-0.3208925325453583
0.42535595301631834
0.47355026323469673
-0.09364837474130049
-0.12692435102877947
-0.4037782144976133
-0.07232009537889214
0.1554038761182993
-0.21097369996457865
0.11544636383194518
-0.21568190331681358
0.20455476833377104
0.2035641314708357
0.041971135826172054
0.19074126814221606
0.2261779250238521
-0.1171162114633489
0.06960409010331517
0.7570929023139881
0.03177142501192355
-0.033397019302874004
-0.23653108533692982
-0.06853389597369837
0.20479332182254043
0.010990259379152434
0.04703462635356254
0.04982054376604192
0.4758817989154969
-0.3533814690201026
0.19227314386726052
-0.046706079269705006
0.27520419862276746
-0.0512696349292653
0.33012066733058665
-0.39234143285412837
0.23871817889884367
-0.1268923998198923
0.03672678882549944
-0.10148488928585277
0.27358318921914115
-0.3994093564921295
-0.3554400179822908
-0.5551567321966733
-0.16312380911030178
0.18772956083244693
-0.011835214119970211
-0.26264268141058983
0.1822126427384318
-0.12718609060775612
0.22908674098414383
0.17947055029120232
0.03827490762577332
0.5103624307224531
-0.18340018469913996
-0.157667700461585
0.46240334244793335
0.24761847035834283
0.08858193280949295
0.48768521673199283
1.0487692919048472
-0.05047849181169001
-0.12110906228070396
-0.06526651874013054
0.0429149845940256
-0.5773647032740213
-0.36262498805294835
-0.12005901724980052
-0.11592031563031169
0.2878734722013271
-0.3096215167184152
-0.14587226637188477
-0.035998293269366516
0.06588447986356266
0.18137572336009455
-0.26307912426556607
2.348163495273459
-1.1534710136470712
1.0685207513536006
2.0979117702847643
0.533059021758983
-0.3164252247062187
0.4310950764037203
0.7128025931921367
0.9589576498373029
0.6295190843863178
-0.4633728572092651
-0.518041607518198
0.8063633837617229
-1.4213427457470504
0.7657410266999624
-0.9933508619895373
0.6019976560349297
-0.09196045992627355
-0.2631770737855972
0.12282207292670921
-0.04518487419204631
-0.23285732093635902
-0.3982735621617735
0.5295850791652014
-0.2536502625387487
0.04670762374647574
0.10880260156963396
-0.19857312195866353
0.22725984694094067
-0.4643091136197021
-0.015135501357071313
-0.2365792002444121
0.18915902707733742
4.8226701045431253E-4
-0.0037894030067964005
0.4891077528627291
0.19612008313305657
-0.16084904984064477
0.5222244832854865
-0.12783955061789504
0.1256495807721492
-0.2351387306442666
0.46002317484390737
0.2857258646924444
0.19318480354889822
-0.10119454390713402
-0.9074324527507782
0.05665488224510288
0.6046354171753708
0.33907447845216726
-0.11486275339471556
0.18871694733070787
-0.25385063086333504
-0.44548901350271314
0.2992806406119533
-0.30267087504739176
0.46391029635902475
-0.31106451756279174
-0.28363122464633483
0.5533795962455653
0.08938228519631897
0.0436906850986343
-0.15081169960772256
0.30790033360942937
0.35954555836381463
0.9518158777087624
-0.0747839331382788
0.2088535441077748
0.48932596699835756
-0.09322087625387321
-0.8001634672448665
-0.2500920245948337
-0.37770176962291635
0.14277730392337373
-0.5680117783441823
0.6910647906319369
0.2787086007391366
-0.039802838198259125
0.00722320586136653
-0.04779532669774528
0.21833065021481918
0.19978851697076622
0.23052691781431187
-0.2620428844706113
0.12341906460877516
0.30016380965872097
0.20766643119692174
-0.11999561313163926
-0.07467747433967564
0.44978033788037125
-0.0980976441420128
0.15270733945087253
-0.17948474995108102
0.8416550501436424
0.3968564259682987
0.3991738542005254
0.04450036306517502
-0.3595408333903401
0.27083625653569826
-0.5094693511940172
0.23037767594890607
2.481525721952095
